%YAML:1.0
---
camera_matrix: !!opencv-matrix
   rows: 3
   cols: 3
   dt: d
   data: [ 967.3908600271169, 0., 639.38623353341825, 0.,
       940.94492343023796, 355.62020715922688, 0., 0., 1. ]
dist_coeffs: !!opencv-matrix
   rows: 1
   cols: 5
   dt: d
   data: [ -0.39238238559485028, -0.34918473851986581,
       -0.031258189056583341, -0.0010615938110284454,
       0.91082664074703268 ]
rms_reprojection_error: 4.8992792697319185
image_width: 1280
image_height: 720
pattern_rows: 6
pattern_cols: 9
square_size: 1.
