%YAML:1.0
---
camera_matrix: !!opencv-matrix
   rows: 3
   cols: 3
   dt: d
   data: [ 964.40299079766623, 0., 639.70631122361237, 0.,
       931.68294476878793, 355.59123115587897, 0., 0., 1. ]
dist_coeffs: !!opencv-matrix
   rows: 1
   cols: 5
   dt: d
   data: [ -0.37788981949700234, -0.38864115304422903,
       -0.030711473077978019, 0.00038739982689819507,
       0.97241797858047441 ]
rms_reprojection_error: 4.8530620315171573
image_width: 1280
image_height: 720
pattern_rows: 6
pattern_cols: 9
square_size: 1.
