%YAML:1.0
---
camera_matrix: !!opencv-matrix
   rows: 3
   cols: 3
   dt: d
   data: [ 960.1120185835133, 0., 639.74818130558356, 0.,
       933.73058921309371, 355.95175719521274, 0., 0., 1. ]
dist_coeffs: !!opencv-matrix
   rows: 1
   cols: 5
   dt: d
   data: [ -0.385737460190544, -0.33817407828935708,
       -0.033196340501648713, 0.0008747763578640875, 0.82915046572232975 ]
rms_reprojection_error: 4.8630032359236903
image_width: 1280
image_height: 720
pattern_rows: 6
pattern_cols: 9
square_size: 1.
